1 3 100000 500 550 65 0.20 0.40 0.65 pending
2 10 100000 500 550 65 0.20 0.40 0.65 pending
3 10 100000 500 550 65 0.20 0.40 0.65 pending
4 2 100000 500 550 65 0.20 0.40 0.65 pending
5 1 100000 500 550 65 0.20 0.40 0.65 pending
6 11 100000 500 550 65 0.20 0.40 0.65 pending
7 8 100000 500 550 65 0.20 0.40 0.65 pending
8 8 100000 500 550 65 0.20 0.40 0.65 pending
9 6 100000 500 550 65 0.20 0.40 0.65 pending
10 10 100000 500 550 65 0.20 0.40 0.65 pending
11 11 50000 260 275 88 0.20 0.40 0.65 pending
12 7 50000 260 275 65 0.20 0.40 0.65 pending
13 15 50000 260 275 65 0.20 0.40 0.65 pending
14 4 50000 260 275 80 0.20 0.40 0.65 pending
15 5 50000 260 275 70 0.20 0.40 0.65 pending
16 6 50000 260 275 65 0.20 0.40 0.65 pending
17 19 50000 260 275 65 0.20 0.40 0.65 pending
18 18 50000 260 275 65 0.20 0.40 0.65 pending
19 3 50000 260 275 65 0.20 0.40 0.65 pending
20 23 50000 260 275 66 0.20 0.40 0.65 pending
21 6 50000 260 275 200 0.20 0.40 0.65 pending
22 6 50000 260 275 40 0.20 0.40 0.65 pending
23 4 50000 260 275 10 0.20 0.40 0.65 pending
24 1 200000 700 750 65 0.20 0.40 0.65 pending
25 20 200000 700 750 65 0.20 0.40 0.65 pending
26 24 200000 700 750 65 0.20 0.40 0.65 pending
27 8 200000 700 750 65 0.20 0.40 0.65 pending
28 9 200000 700 750 65 0.20 0.40 0.65 pending
29 10 200000 700 700 65 0.20 0.40 0.65 pending
30 13 200000 700 705 65 0.20 0.40 0.65 pending